30
6
5 2 4 6 3 1
6
2 4 8 16 32 64
3
1 1 1
3
200000 200000 200000
200
90628 73448 96111 100665 85163 21830 142279 63668 152447 60011 108482 101533 147755 190780 186700 85666 152522 125929 112365 171043 162570 54962 136736 64042 156957 166071 78438 132716 95487 140925 127853 83197 127519 39989 75709 107222 198836 53969 50713 167615 168936 141264 124423 149417 8805 185686 188756 43990 42985 154236 35826 20450 149824 92082 120462 152203 89327 63830 186126 44034 24400 30194 71569 73595 58821 131172 4165 84776 151063 167257 40774 127148 108556 51103 192713 92226 31644 28307 64717 116009 158417 198721 120354 116994 135057 33974 161398 87437 20686 105672 67895 26804 146882 136828 54781 28742 161563 28196 16052 65549 130044 97991 47977 97136 159647 21499 19138 46012 131580 173983 99512 94654 64162 41003 30113 137290 107779 4688 188269 193075 148418 1554 69733 189124 3989 88066 54203 26407 40877 95142 2429 15128 192938 46030 103919 73882 30078 6699 129561 183678 35448 190438 144658 167376 100783 4222 172396 142050 3589 59675 125645 198306 159730 154424 34040 75777 72292 191429 143628 81719 178507 30027 107251 127595 92002 62789 109973 50385 101376 28698 111927 151827 159206 110587 63822 167192 52297 190869 143314 47666 117735 27497 93271 165428 124195 100995 87675 80765 91435 47856 190179 185722 136622 114667 89923 2659 38832 24575 153777 60339
200
137700 81324 37260 52488 14256 113076 91692 29808 68364 114048 96050 56726 25990 36612 9944 78874 63958 20792 47686 79552 173400 102408 46920 66096 17952 142392 115464 37536 86088 143616 62475 36897 16905 23814 6468 51303 41601 13524 31017 51744 119425 70531 32315 45522 12364 98069 79523 25852 59291 98912 131750 77810 35650 50220 13640 108190 87730 28520 65410 109120 136000 80320 36800 51840 14080 111680 90560 29440 67520 112640 76075 44929 20585 28998 7876 62471 50657 16468 37769 63008 30175 17821 8165 11502 3124 24779 20093 6532 14981 24992 73950 43674 20010 28188 7656 60726 49242 16008 36714 61248 324 226 408 147 281 310 320 179 71 174 425 251 115 162 44 349 283 92 211 352 22876 116978 55413 196316 42940 8416 2765 107710 88472 170868 135099 79298 40620 131171 180929 137652 193684 112480 106612 55984 57447 104874 141276 34751 33360 41211 143149 36443 135323 32572 108601 134768 118838 131587 36649 12432 66055 64954 195482 32398 55893 126777 143145 9613 166423 77916 119061 68487 108910 40455 46470 159295 176363 134622 178130 118418 171092 74607 43031 53590 124657 184673 112816 122067 164878 109120 32836 84157 198305 136694 45223 182650 53614 20641 87666 164616 73497 18365 27854 124859
200
94455 185876 154083 110176 118699 133299 173509 173004 152489 3874 168649 191225 39373 71768 116971 129644 108278 44588 13492 119339 193417 148627 137215 142852 125258 14775 93408 113333 162697 131552 180537 108058 135064 64460 12005 54650 67279 8049 37498 8348 133541 150675 196757 115161 149193 154984 178218 90795 17345 70887 16039 70880 132872 130319 99125 190922 64579 63583 40436 38656 156509 30392 147016 81932 149214 134454 155339 77018 68450 171191 22301 144748 100724 72348 9465 54146 100163 121548 164371 18037 51424 16218 107387 187525 131448 194198 11548 8328 199573 21780 7604 154798 193031 30165 42908 47638 110340 126747 14126 12188 89124 15208 119121 185748 89722 146506 107788 49803 164772 188624 85053 61879 76502 101319 3673 51830 99195 13204 49771 139159 52184 189615 64211 118626 31532 77854 27374 2586 13968 13007 7876 146569 193882 106903 28973 91254 922 124723 138833 57901 98638 87682 21281 44494 143553 87729 195043 57870 67481 20075 62867 43754 182683 18366 81655 175928 167874 118591 155304 58559 115164 90261 121888 71532 20715 89302 170721 7698 26430 184172 14213 77268 114101 154520 182275 34665 36882 124499 96718 126433 7425 40361 15160 158991 40231 152491 123588 19169 61720 173325 25201 89552 136951 195438 99223 8927 75817 2320 1251 178252
200
0 1 1 1 0 1 0 1 0 1 1 0 0 1 1 1 0 1 1 0 0 1 1 0 0 1 1 0 1 1 1 1 0 0 0 0 0 1 0 0 1 0 0 0 0 0 1 1 0 1 1 0 0 0 0 0 0 1 1 1 0 0 0 1 0 0 0 0 0 0 0 1 1 0 1 0 1 0 1 1 0 1 0 0 1 0 1 0 0 0 1 0 0 1 0 0 1 0 0 1 0 0 1 1 0 0 1 1 1 0 1 0 0 1 0 1 0 0 0 1 0 0 0 1 0 0 0 1 0 0 0 0 1 1 0 0 1 0 0 1 0 1 1 0 0 1 0 1 0 1 1 1 0 1 0 0 1 0 0 0 0 0 0 1 0 1 1 1 1 1 0 0 1 1 0 1 1 1 1 0 1 1 0 0 1 0 0 0 0 1 1 1 0 0 1 0 0 1 1 1
200
55383 57464 148475 157819 18719 73047 51740 133353 152086 98459 75851 106840 106376 148974 143632 104901 131738 19541 3096 111052 185566 11213 96624 18646 108822 2656 184266 68409 173538 130412 123533 79605 64704 26657 72103 82880 132370 120673 5064 57256 155255 55735 130161 168666 93027 199108 39899 56007 196551 155729 25949 150006 111878 118046 101109 48867 125260 141329 20855 155553 88857 28409 112911 54461 168388 173530 118628 100872 92907 51290 79197 181269 23079 54358 80644 24378 56797 156031 20690 91510 36710 117135 74064 153702 149754 198916 37292 161963 114694 15951 18389 5201 25777 103834 154719 67664 183377 152299 180731 145153 124038 147926 99211 199062 60517 16067 21659 12301 38128 162424 101741 116727 77982 15707 112015 29342 172846 63933 20176 173032 97471 156690 44095 165556 183538 171234 180578 8165 180538 48223 120005 190057 2633 48810 87127 78371 23212 150084 166946 92058 79308 191074 44326 147582 183013 25744 55558 99815 159170 132885 121721 67195 5102 183617 11354 138518 128959 174501 18187 6588 96202 8875 144845 145821 58796 142297 13762 43901 54749 102816 38461 98290 76035 94017 52294 41818 101400 6869 12056 71946 127120 148983 100825 6651 135988 139413 147991 156036 138488 92392 21130 74577 152891 82356 28093 41099 149714 172234 165484 174739
200
94514 151996 174587 117029 35659 61679 36098 114095 113393 188383 46355 175402 118311 66499 93819 52050 196955 157549 47221 179954 113537 20610 190316 2293 38412 135601 120736 2468 159215 7480 50950 159672 63452 179782 183958 35421 177382 83793 2582 160906 89683 90532 64962 33695 162214 145371 170660 104891 152944 26938 35813 98089 100277 92747 67591 181590 6122 102690 59338 57098 145630 183989 57189 180198 176099 156106 132393 51718 142695 72387 42747 151054 23713 63659 187458 164601 188204 121637 76061 38829 552 20749 68336 152199 49256 161883 94481 96374 73958 64782 107286 191768 167672 165252 80811 53003 124367 150734 71884 117865 124098 100864 11672 111164 24560 74522 135223 108074 66858 84776 106271 23225 59520 143436 179732 88083 100977 126096 83448 40513 50755 108316 131027 73837 103264 7127 163817 4805 189862 134112 97339 80464 135646 191139 48575 146212 71564 167347 106305 107047 6300 1870 134554 145368 55873 191864 138718 77018 58055 38713 128615 136934 101561 158227 158739 107231 65928 47896 117664 130437 27553 194770 171027 1581 119238 94876 144342 139694 34662 135367 109658 22666 129648 89863 107957 102791 172164 150500 145783 164919 11319 152701 163703 183873 117084 91245 33881 158269 186476 120598 16352 168490 29113 126368 138686 181937 109900 126493 191302 196726
200
81826 59989 25100 80320 103914 111193 55471 753 1506 103412 28865 85086 62379 26100 83520 108054 115623 57681 783 1566 107532 30015 14996 10994 4600 14720 19044 20378 10166 138 276 18952 5290 51508 37762 15800 50560 65412 69994 34918 474 948 65096 18170 56398 41347 17300 55360 71622 76639 38233 519 1038 71276 19895 52812 38718 16200 51840 67068 71766 35802 486 972 66744 18630 132030 96795 40500 129600 167670 179415 89505 1215 2430 166860 46575 77262 56643 23700 75840 98118 104991 52377 711 1422 97644 27255 85086 62379 26100 83520 108054 115623 57681 783 1566 107532 30015 17604 12906 5400 17280 22356 23922 11934 162 324 22248 6210 13366 9799 4100 13120 16974 18163 9061 123 246 16892 4715 251 261 46 158 173 162 405 237 261 54 41 326 239 100 320 414 443 221 3 6 412 115 46245 172100 11601 88574 78875 56588 113399 107978 179335 81379 146908 181127 114258 125818 152034 46467 64732 138759 86046 41411 55810 133905 7917 75675 178764 77715 154008 157528 127005 181484 52247 180388 131344 71819 52282 133437 98834 49899 25279 49953 70708 185416 14048 80851 3366 170984 198133 145816 140360 168949 13993 96825 162076 123646 3044 10126 172877
200
200000 200000 200000 200000 200000 200000 200000 200000 200000 200000 200000 200000 200000 200000 200000 200000 200000 200000 200000 200000 200000 200000 200000 200000 200000 200000 200000 200000 200000 200000 200000 200000 200000 200000 200000 200000 200000 200000 200000 200000 200000 200000 200000 200000 200000 200000 200000 200000 200000 200000 200000 200000 200000 200000 200000 200000 200000 200000 200000 200000 200000 200000 200000 200000 200000 200000 200000 200000 200000 200000 200000 200000 200000 200000 200000 200000 200000 200000 200000 200000 200000 200000 200000 200000 200000 200000 200000 200000 200000 200000 200000 200000 200000 200000 200000 200000 200000 200000 200000 200000 200000 200000 200000 200000 200000 200000 200000 200000 200000 200000 200000 200000 200000 200000 200000 200000 200000 200000 200000 200000 200000 200000 200000 200000 200000 200000 200000 200000 200000 200000 200000 200000 200000 200000 200000 200000 200000 200000 200000 200000 200000 200000 200000 200000 200000 200000 200000 200000 200000 200000 200000 200000 200000 200000 200000 200000 200000 200000 200000 200000 200000 200000 200000 200000 200000 200000 200000 200000 200000 200000 200000 200000 200000 200000 200000 200000 200000 200000 200000 200000 200000 200000 200000 200000 200000 200000 200000 200000 200000 200000 200000 200000 200000 200000 200000 200000 200000 200000 200000 200000
200
0 0 0 0 0 0 0 0 0 0 0 0 0 0 0 0 0 0 0 0 0 0 0 0 0 0 0 0 0 0 0 0 0 0 0 0 0 0 0 0 0 0 0 0 0 0 0 0 0 0 0 0 0 0 0 0 0 0 0 0 0 0 0 0 0 0 0 0 0 0 0 0 0 0 0 0 0 0 0 0 0 0 0 0 0 0 0 0 0 0 0 0 0 0 0 0 0 0 0 0 177972 171782 128267 98471 199254 62343 109329 36594 161864 34656 49947 59690 149641 162581 63071 65276 160889 121081 125402 80038 15829 100669 77972 123802 126408 106873 120373 91875 55737 183567 39990 24312 58881 89886 197340 161380 37539 139435 179011 125057 150519 174216 61556 187977 83186 128147 219 119016 183987 6534 127992 102425 15241 194429 72818 163557 85028 95402 51196 68551 380 182164 55126 95222 146942 153569 148152 151907 169372 158195 137352 30676 113948 98379 144954 19605 164199 196019 57395 152236 43576 59013 196299 63903 182830 119158 164398 156686 187696 65352 17457 96711 125830 128926 20291 81273 59897 47970 93079 174587
200
0 0 1 0 0 1 0 1 0 0 0 1 1 0 0 0 0 1 0 1 1 1 1 1 1 1 1 1 0 0 0 0 1 0 0 1 1 1 1 0 0 1 0 0 0 0 1 1 1 1 1 1 1 1 0 1 1 1 1 1 1 1 0 1 1 0 0 1 1 0 1 1 1 0 1 0 1 1 1 1 0 1 1 0 1 0 1 1 1 0 0 0 0 1 1 1 0 0 0 0 1 1 1 0 0 1 0 0 0 0 1 1 1 1 0 1 1 1 1 1 1 0 1 1 1 0 1 1 0 1 1 1 0 1 1 1 0 1 1 0 1 0 1 1 1 1 0 1 1 0 0 1 0 1 1 1 1 0 0 1 1 1 1 0 1 1 1 0 1 1 0 1 1 1 0 1 1 0 1 0 0 0 0 0 1 0 1 0 1 0 0 0 1 0 0 0 1 1 0 0
200
193619 34963 195551 83082 193520 158419 69897 44386 164483 123116 156971 99132 76262 107157 161903 115764 164683 85836 13154 91355 111476 162228 180610 56940 128052 60306 139662 173906 96730 196400 189082 42178 1544 78100 48703 154749 38799 116711 1724 161784 104333 87117 91231 64592 105665 54847 118846 106216 151317 141193 105418 2673 78459 12056 25641 154304 150118 193663 124236 195948 126287 150082 199125 81624 107370 23879 143947 50825 111748 79741 178325 95338 130811 99577 176526 10646 122292 170618 176157 174538 190204 183766 188004 82763 21135 145641 74227 121411 22591 160658 189093 38513 61619 172399 178619 14107 149721 187117 118671 151424 112761 46984 185178 196161 106147 74998 14187 130822 168386 6329 45051 194251 199819 77283 24578 199143 188198 1415 150283 192135 73425 128235 144652 115230 168897 120551 34068 119303 187507 15637 37927 6584 98574 60418 24693 190001 57673 62677 174514 76374 26706 126110 171877 67615 95073 168794 137425 17097 183762 104946 181662 55819 14962 1672 56185 105463 163510 100641 119232 1061 46426 96688 150243 80741 10968 28755 150103 101399 145869 90225 146689 16727 165152 67828 172669 52827 31155 177432 183168 25335 91243 5599 8584 167639 157038 148529 156560 136142 40513 77895 132908 51520 144790 69867 174563 8549 69285 15518 47690 102564
200
116396 26480 18626 1618 28298 112990 120604 132389 112901 141365 167976 21256 20922 61613 84059 154178 44275 78599 149425 31508 170923 164628 95249 172696 73802 41634 72463 16590 159647 35573 171076 136769 68349 124063 96920 163757 91473 38152 79601 134563 23322 109598 170137 91170 74883 15568 87415 194764 24925 102827 70590 4766 22497 15826 169624 5436 182067 80108 64854 177799 109904 31267 4662 13738 83839 54084 26318 134308 100452 49714 183197 189233 163159 156014 46877 14964 159868 80415 104057 168503 129673 80729 135965 105121 73569 177304 17560 162772 98872 106203 99304 17774 24595 152696 191066 94134 168146 177149 167751 95519 33526 5588 124230 123170 20857 101021 171140 149490 28974 143293 17266 48929 32730 191072 77837 125250 110582 1737 23519 145944 142607 71504 62803 116232 167559 10040 10339 88613 13854 81178 124290 13957 60472 63450 128587 116715 10626 190205 21816 98807 107357 12523 152913 181269 1620 45046 166134 76084 148312 74517 135858 189524 90948 81687 81718 53843 9414 147685 79584 86727 109513 81452 50168 64077 163002 112589 107592 93203 148095 160429 31357 46844 100155 56938 191036 72758 49096 175502 32605 90509 91795 140173 62923 23118 99521 145345 27179 120608 132886 117879 161251 63501 58233 97487 181283 84422 53202 168719 34346 57407
200
70623 9735 63189 51684 6018 38409 52569 55401 41418 14160 42834 116109 16005 103887 84972 9894 63147 86427 91083 68094 23280 70422 82593 11385 73899 60444 7038 44919 61479 64791 48438 16560 50094 95361 13145 85323 69788 8126 51863 70983 74807 55926 19120 57838 72618 10010 64974 53144 6188 39494 54054 56966 42588 14560 44044 9975 1375 8925 7300 850 5425 7425 7825 5850 2000 6050 55860 7700 49980 40880 4760 30380 41580 43820 32760 11200 33880 112917 15565 101031 82636 9622 61411 84051 88579 66222 22640 68486 171570 23650 153510 125560 14620 93310 127710 134590 100620 34400 104060 172368 23760 154224 126144 14688 93744 128304 135216 101088 34560 104544 114513 15785 102459 83804 9758 62279 85239 89831 67158 22960 69454 177 291 207 239 182 25 140 283 430 432 287 399 55 357 292 34 217 297 313 234 80 242 125805 160276 7994 57536 30781 55418 69949 130109 113867 161883 188358 149410 162518 161589 164170 143060 75955 143039 176588 102988 150113 55878 45048 159275 170226 94066 180732 156390 69929 58236 71875 155616 192470 165338 82886 80355 107541 10692 180704 35049 1715 153428 141357 121307 118728 70088 114800 69377 83291 98003 194257 38433 11029 147225 8845 102881 128615
200
83412 41328 97524 95760 76104 10332 36036 99962 49528 116874 114760 91204 12382 43186 32769 16236 38313 37620 29898 4059 14157 7613 3772 8901 8740 6946 943 3289 63552 31488 74304 72960 57984 7872 27456 84074 41656 98298 96520 76708 10414 36322 47664 23616 55728 54720 43488 5904 20592 252 302 99 23 192 254 144 331 164 387 380 302 41 143 159412 34834 137907 185010 53933 54986 171983 100587 29523 183807 15759 165635 195084 73193 86676 160932 91691 44562 94678 18992 99832 30565 24753 106712 128269 106418 142410 2504 65749 108672 150324 127779 11775 179973 9733 20228 186240 146283 144828 86072 29689 106898 44884 118781 29895 94916 117353 102647 7881 26515 61908 146712 42146 48121 154939 128162 105255 57041 130938 190815 61094 140235 182121 61342 159837 198719 198322 98882 1262 41343 77701 106649 57484 163886 5966 129328 53149 37791 127950 180140 112671 186012 79728 127504 169864 117798 123010 181995 196018 184465 75647 53281 81547 89732 121864 173872 46954 95729 159110 34691 76295 103690 128735 31552 41749 186555 164141 73108 162387 176491 40421 113320 184193 68666 138192 77043 101247 33283 166527 151572 162184 143279 107056 83352 105842 78950 71987 87090 160234 107779 119138 146803 24344 174913 153495 92300 11955
3
65537 65537 131073
200
32688 83115 39231 172996 39805 141645 97206 13816 136929 28634 133425 100884 190778 182229 179497 117829 161805 43419 94455 144249 170573 37040 21442 194288 70941 117375 56314 196088 135147 52427 65916 196478 148734 163196 115472 18376 64707 23627 189908 179238 28210 71450 177500 162743 150484 107988 75712 169537 86103 27435 73755 170754 186443 104658 18616 194198 125955 163330 93344 124673 78575 5834 130602 86728 171641 20318 15771 130128 46001 140783 158957 1174 115371 154580 7835 164480 30288 115356 347 108527 62230 191772 93715 136370 90362 41283 145134 24788 152937 151202 166930 121138 73486 150834 133838 2935 142637 180911 73805 184809 158141 127055 153791 56383 83771 187012 14951 68724 193909 185177 29400 47938 156965 102298 3452 87717 32942 7834 105249 10591 68992 76973 71736 147489 126755 135310 102895 106344 13627 42427 80255 96505 11645 76393 23087 42498 42608 181017 129349 66441 30882 49933 176660 149118 61417 153985 7118 188891 143370 29642 145216 168407 46330 138626 100806 86441 63784 8841 42957 182592 70510 77396 149389 187299 15171 7018 86971 171347 12057 33704 14318 95974 136973 25319 35061 123860 182538 111344 184176 191642 106046 106692 180624 176300 139514 163855 49546 55431 61988 77798 76657 26712 86349 4887 38263 199399 82987 78030 96916 134446
200
62076 144671 114366 15053 119649 78050 116047 106891 174287 127657 97820 63034 73886 169696 142307 75024 36060 27943 66416 50926 3836 147022 98966 80868 103394 88803 69386 130072 5518 82994 156056 165726 77776 78728 182929 33729 115111 4123 181373 48446 86860 193460 118198 41587 121523 158804 45540 45207 22612 181566 14196 6564 119212 51079 190044 169676 145711 25776 29517 158740 180940 19243 161173 191478 67311 29623 134949 17675 178583 10350 145948 99146 160751 46916 186936 92301 111867 60322 168811 192932 180071 191330 73669 8521 30669 162818 158331 134578 132183 12077 28273 84026 13001 133949 178735 186877 67497 100906 95307 161810 63244 2298 141829 61923 176875 128041 98154 180090 46064 164348 146382 71151 170350 4366 108053 98571 29345 150337 119674 114479 63992 159016 153409 22028 190873 111252 10837 37660 74725 111525 166885 2621 199663 51857 100554 194004 21328 4514 83180 88213 17344 54721 73723 98290 77403 89940 48342 193735 128338 103744 37507 127768 190066 172482 57638 119830 29921 174804 116147 61767 161481 138472 125649 131535 176795 169672 92234 153620 110431 161487 8126 4510 60386 98172 3859 140451 105814 63790 100945 149295 117675 25545 177020 47322 77357 153154 41279 30844 22682 15698 142579 11514 52682 47395 140249 93109 168138 137295 190813 179453
200
75820 32980 53720 35360 122740 116280 64600 96900 150620 108800 24530 10670 17380 11440 39710 37620 20900 31350 48730 35200 12934 5626 9164 6032 20938 19836 11020 16530 25694 18560 72921 31719 51666 34008 118047 111834 62130 93195 144861 104640 55527 24153 39342 25896 89889 85158 47310 70965 110307 79680 31443 13677 22278 14664 50901 48222 26790 40185 62463 45120 13157 5723 9322 6136 21299 20178 11210 16815 26137 18880 71806 31234 50876 33488 116242 110124 61180 91770 142646 103040 19401 8439 13746 9048 31407 29754 16530 24795 38541 27840 36349 15811 25754 16952 58843 55746 30970 46455 72209 52160 340 110 58 327 249 141 59 322 87 163 223 97 158 104 361 342 190 285 443 320 15755 143535 177320 24985 3927 168356 138196 145677 171796 38301 71759 7525 159291 61696 7161 46797 57649 196585 113303 126658 92879 6633 38050 83013 1538 72395 105024 118184 160612 27462 168294 116052 156455 96558 147833 143956 26935 154805 199519 169771 167874 71925 59663 38224 10810 34737 38341 57193 42565 28030 151222 66011 108232 9552 30654 61628 193592 31372 167737 142803 122517 177109 169124 78744 96567 19114 186376 32641 165143 24575 192975 180615 114106 99062 27945 182650 18003 42557 199269 151111
200
4880 520 12640 11160 6000 14280 11880 2960 14640 5760 15800 2680 16320 25254 2691 65412 57753 31050 73899 61479 15318 75762 29808 81765 13869 84456 21106 2249 54668 48267 25950 61761 51381 12802 63318 24912 68335 11591 70584 15372 1638 39816 35154 18900 44982 37422 9324 46116 18144 49770 8442 51408 17934 1911 46452 41013 22050 52479 43659 10878 53802 21168 58065 9849 59976 40382 4303 104596 92349 49650 118167 98307 24494 121146 47664 130745 22177 135048 35990 3835 93220 82305 44250 105315 87615 21830 107970 42480 116525 19765 120360 33550 3575 86900 76725 41250 98175 81675 20350 100650 39600 108625 18425 112200 25010 2665 64780 57195 30750 73185 60885 15170 75030 29520 80975 13735 83640 45872 4888 118816 104904 56400 134232 111672 27824 137616 54144 148520 25192 153408 5856 624 15168 13392 7200 17136 14256 3552 17568 6912 18960 3216 19584 26962 2873 69836 61659 33150 78897 65637 16354 80886 31824 87295 14807 90168 28670 3055 74260 65565 35250 83895 69795 17390 86010 33840 92825 15745 95880 40 207 173 126 147 331 295 275 205 376 48 221 235 122 13 316 279 150 357 297 74 366 144 395 67 408 93224 136685 113978 192453 74289
200
0 0 0 0 0 0 0 0 0 0 0 0 0 0 0 0 0 0 0 0 0 0 0 0 0 0 0 0 0 0 0 0 0 0 0 0 0 0 0 0 0 0 0 0 0 0 0 0 0 0 0 0 0 0 0 0 0 0 0 0 0 0 0 0 0 0 0 0 0 0 0 0 0 0 0 0 0 0 0 0 0 0 0 0 0 0 0 0 0 0 0 0 0 0 0 0 0 0 0 0 0 0 0 0 0 0 0 0 0 0 0 0 0 0 0 0 0 0 0 0 0 0 0 0 0 0 0 0 0 0 0 0 0 0 0 0 0 0 0 0 0 0 0 0 0 0 0 0 0 0 0 0 0 0 0 0 0 0 0 0 0 0 0 0 0 0 0 0 0 0 0 0 0 0 0 0 0 0 0 0 0 0 0 0 0 0 0 0 0 0 0 0 0 0 0 0 0 0 0 0
200
65537 65537 65537 65537 131073 65537 131073 65537 131073 65537 65537 131073 131073 65537 131073 65537 131073 65537 131073 65537 131073 65537 65537 65537 65537 131073 65537 65537 65537 131073 65537 131073 65537 131073 131073 131073 65537 65537 131073 65537 131073 65537 65537 65537 65537 131073 65537 65537 131073 131073 65537 131073 131073 131073 131073 65537 131073 131073 65537 131073 65537 65537 131073 131073 65537 65537 131073 131073 131073 65537 131073 65537 131073 131073 131073 131073 65537 65537 65537 65537 131073 65537 131073 131073 65537 131073 65537 65537 131073 131073 131073 65537 65537 65537 65537 131073 65537 65537 65537 65537 131073 131073 65537 65537 65537 131073 131073 131073 65537 131073 131073 65537 65537 65537 65537 131073 65537 131073 131073 65537 65537 65537 65537 131073 131073 131073 65537 65537 131073 65537 131073 65537 65537 131073 65537 65537 65537 131073 65537 65537 65537 131073 131073 131073 65537 131073 65537 131073 65537 65537 65537 131073 65537 131073 65537 65537 65537 65537 65537 65537 65537 65537 65537 131073 131073 65537 131073 65537 131073 65537 131073 65537 65537 131073 65537 131073 65537 65537 65537 131073 131073 131073 131073 65537 131073 131073 131073 65537 131073 65537 131073 131073 65537 131073 131073 65537 131073 65537 65537 65537
200
1 1 1 1 1 1 1 1 1 1 1 1 1 1 1 1 1 1 1 1 1 1 1 1 1 1 1 1 1 1 1 1 1 1 1 1 1 1 1 1 1 1 1 1 1 1 1 1 1 1 1 1 1 1 1 1 1 1 1 1 1 1 1 1 1 1 1 1 1 1 1 1 1 1 1 1 1 1 1 1 1 1 1 1 1 1 1 1 1 1 1 1 1 1 1 1 1 1 1 1 1 1 1 1 1 1 1 1 1 1 1 1 1 1 1 1 1 1 1 1 1 1 1 1 1 1 1 1 1 1 1 1 1 1 1 1 1 1 1 1 1 1 1 1 1 1 1 1 1 1 1 1 1 1 1 1 1 1 1 1 1 1 1 1 1 1 1 1 1 1 1 1 1 1 1 1 1 1 1 1 1 1 1 1 1 1 1 1 1 1 1 1 1 1 1 1 1 1 1 1
200
35818 68193 14563 75966 190849 34859 41897 153195 59149 111204 32608 153588 120815 114247 47835 109168 194236 190389 198982 3186 58913 45334 137982 42196 63045 88061 179640 197079 32469 82129 183197 19315 79602 92156 22886 137906 155926 64061 42699 86092 67282 84498 23037 100838 195571 70260 109146 75638 131616 198772 120614 13807 157164 12831 186374 71639 193728 67016 31214 38159 22289 192504 126718 127755 771 53623 52179 33059 144552 59627 96716 105840 54689 48576 92191 85755 66637 43786 173610 144322 31447 96400 102898 55168 29939 71639 61427 133745 109311 114692 118446 185951 136865 15916 105062 124537 39245 194758 90646 124780 130574 138605 5228 53717 193853 167461 189469 144504 978 49748 9816 156527 32217 74184 33807 92832 46661 74061 99521 134342 15619 142895 175684 137494 125286 88403 17412 101377 6606 164402 73279 134248 144961 72762 199482 131430 79892 54217 95305 74456 157624 184959 191607 19798 126860 151253 191893 127131 102009 61111 94072 46031 79772 148166 82499 69051 143010 185939 119423 159070 1824 22489 106908 27979 89784 84227 120088 81492 167297 76483 81060 79093 181938 142417 168265 5880 190053 97607 185768 71626 178146 154087 38151 9552 181102 174648 134855 160600 62912 167180 192116 182887 92089 39054 181055 24026 30240 5753 23631 114886
200
181792 175674 117990 4370 109250 123671 126293 76475 63232 61104 41040 1520 38000 43016 43928 26600 49504 47838 32130 1190 29750 33677 34391 20825 86528 83616 56160 2080 52000 58864 60112 36400 138112 133464 89640 3320 83000 93956 95948 58100 168896 163212 109620 4060 101500 114898 117334 71050 144768 139896 93960 3480 87000 98484 100572 60900 155584 150348 100980 3740 93500 105842 108086 65450 437 152 119 208 332 406 348 374 416 402 270 10 250 283 289 175 136857 70132 164495 2875 63503 36792 168345 79290 13057 171442 185932 76610 155637 141300 122353 62801 29951 161300 61463 161059 192186 150996 140858 103517 127611 105531 23126 146516 37739 79354 51643 162721 77213 82772 13562 62198 58174 195703 23941 180526 80247 101047 31224 107657 37461 164608 16604 8757 38653 5798 116361 113393 169809 55326 128546 44842 176876 45948 22959 51448 143303 15743 108773 156819 114825 160969 190258 131653 10313 189407 98771 29959 108238 11305 14266 28425 50178 150988 67000 188976 93341 144546 93651 37635 166233 99675 117269 187695 191964 78687 26329 13514 39176 192553 169825 191616 10569 197936 63400 152432 188995 51179 142566 27666 79646 6816 119994 45080 109307 58706 28865 172728 127750 96253 89210 193945 95066 134839 148593 167429
200
5800 1900 5100 35700 27900 6000 35600 17400 21634 7087 19023 133161 104067 22380 132788 64902 406 133 357 2499 1953 420 2492 1218 22794 7467 20043 140301 109647 23580 139908 68382 22562 7391 19839 138873 108531 23340 138484 67686 15718 5149 13821 96747 75609 16260 96476 47154 4988 1634 4386 30702 23994 5160 30616 14964 14732 4826 12954 90678 70866 15240 90424 44196 100 373 7 393 389 271 86 254 58 19 51 357 279 60 356 174 163635 62864 78642 10460 112763 26538 59774 175755 32715 82734 75330 16497 54275 176769 45868 110262 100059 26347 49434 67913 19945 65685 14183 126710 84776 170987 4179 164481 108051 44119 188849 152130 172608 132161 107853 56054 15598 105851 25756 20389 78661 141721 24553 159186 41674 163090 73078 126838 83871 198957 110417 170546 151556 128572 186602 121344 119694 29913 93927 141522 107046 104651 3538 95635 162985 96982 155627 192359 190683 85405 149972 127796 148789 33576 198276 52852 88805 188890 112322 114669 59602 1735 123543 36518 192187 147851 81950 29038 55464 133892 158033 31659 164537 73889 26864 165335 83272 105402 74091 173931 178557 137908 175912 35405 184057 13949 98890 77582 4174 164060 197905 151581 36001 152012 68379 51804 116003 65714 50138 192806
200
0 0 0 0 0 0 0 0 0 0 0 0 0 0 0 0 0 0 0 0 0 0 0 0 0 0 0 0 0 0 0 0 0 0 0 0 0 0 0 0 0 0 0 0 0 0 0 0 0 0 0 0 0 0 0 0 0 0 0 0 0 0 0 0 0 0 0 0 0 0 0 0 0 0 0 0 0 0 0 0 0 0 0 0 0 0 0 0 0 0 0 0 0 0 0 0 0 0 0 0 3016 108002 19195 157954 8518 72318 150956 164497 159092 109371 170133 115052 134926 84190 74236 183693 175676 108746 135454 192356 64198 18395 107682 197186 125233 25082 163956 126291 76782 99705 44919 105006 157515 179886 135255 110541 117398 177116 21511 168493 46483 118964 911 776 166505 37726 166567 132474 26374 185512 124634 121860 75924 39035 142819 157673 61982 47921 88482 55063 127157 121317 198707 29795 82741 40774 94169 166546 168879 64514 5786 182976 49491 25563 48764 169173 83235 75757 22154 23034 120173 103871 26489 43293 18015 70633 97942 148248 76973 196237 25284 123079 88806 137175 114567 165206 73186 88580 64775 104403
