6
6
5 2 4 6 3 1
6
2 4 8 16 32 64
3
1 1 1
3
200000 200000 200000
200
18853 45806 128110 111054 176441 100811 176624 159843 113125 199874 119471 161820 162447 187492 185961 5848 60763 31013 145510 196061 51963 127394 99591 68008 2986 128773 150497 59289 60515 127721 98906 153808 80395 68675 79219 139543 118233 75988 105317 24548 14962 186662 29403 197445 54576 91446 84064 174955 51229 11717 80877 78497 6285 98357 64197 194991 165590 65595 157811 32843 193809 196339 18013 93771 162352 192377 23537 150459 90657 135579 169368 593 155538 130214 13486 99975 181772 67885 164314 42937 187704 121830 9559 62068 176875 130135 68683 136855 190930 139657 153958 167557 74162 187905 98643 63843 24488 111427 85366 20846 139816 75197 198467 193320 197335 1348 157349 43817 50210 137881 97243 25255 84744 166878 108759 197489 194471 114786 102032 13270 172278 109406 81999 5615 104232 23847 61495 180243 127215 31118 77 136445 125201 109187 183662 78234 81310 177066 19587 171903 87954 174384 109338 118325 169015 108074 92890 106898 192076 59939 176040 22230 140057 164617 65797 193362 143273 66963 100104 42270 26881 73530 87356 146664 46028 33938 151952 76541 158611 7349 107061 9207 121615 107015 71665 85469 48178 191266 180014 24007 55180 187956 76159 18382 79455 141534 186264 174184 55987 103112 34759 962 184551 175120 144382 140746 139709 186913 124462 107744
200
1 0 0 1 1 1 1 0 1 0 0 1 1 1 0 1 0 0 1 1 0 1 0 0 0 1 1 1 1 0 0 1 1 1 1 1 0 1 1 1 1 0 0 0 0 1 0 0 0 0 1 0 1 0 1 0 1 1 1 0 1 0 0 0 0 0 0 1 0 1 1 0 0 1 0 0 1 1 1 0 1 0 0 0 1 1 0 0 1 0 0 0 1 0 1 0 0 0 0 1 0 0 0 1 0 1 0 0 1 0 1 1 0 0 1 1 0 1 0 1 1 1 0 0 1 1 0 0 0 0 0 0 0 0 0 0 0 1 0 0 1 0 1 0 0 0 1 0 1 0 0 0 1 0 1 0 0 1 1 0 1 0 1 0 0 1 0 0 1 1 0 0 1 1 0 0 1 1 1 0 1 0 1 0 1 0 0 1 0 0 1 0 0 0 0 0 0 1 0 1
