30
6
5 2 4 6 3 1
6
2 4 8 16 32 64
3
1 1 1
3
200000 200000 200000
200
18720 50232 43368 135096 117312 29016 63024 113256 135720 13416 3432 26700 71645 61855 192685 167320 41385 89890 161535 193575 19135 4895 20700 55545 47955 149385 129720 32085 69690 125235 150075 14835 3795 16080 43148 37252 116044 100768 24924 54136 97284 116580 11524 2948 13140 35259 30441 94827 82344 20367 44238 79497 95265 9417 2409 1560 4186 3614 11258 9776 2418 5252 9438 11310 1118 286 19980 53613 46287 144189 125208 30969 67266 120879 144855 14319 3663 19920 53452 46148 143756 124832 30876 67064 120516 144420 14276 3652 16500 44275 38225 119075 103400 25575 55550 99825 119625 11825 3025 480 1288 1112 3464 3008 744 1616 2904 3480 344 88 24060 64561 55739 173633 150776 37293 81002 145563 174435 17243 4411 312 445 345 268 219 26 333 332 275 8 401 60 161 139 433 376 93 202 363 435 43 11 316 8080 155056 63857 9936 36804 94160 84002 12244 191682 76129 114601 31126 23601 14707 169410 118454 55738 142534 110581 22687 95404 71359 131889 31361 56192 184636 114541 124440 194755 166675 160455 18593 131355 126231 138514 175353 117682 71461 99475 1145 186660 153541 111507 43043 70721 92800 93118 71507 183139 70091 61961 26822 14837 129916 57610 157992
200
95371 150302 113232 131767 115591 106492 59986 23772 37464 28224 32844 28812 26544 14952 3396 5352 4032 4692 4116 3792 2136 64524 101688 76608 89148 78204 72048 40584 84900 133800 100800 117300 102900 94800 53400 13301 20962 15792 18377 16121 14852 8366 31979 50398 37968 44183 38759 35708 20114 337 84 12 228 300 47 113 283 446 336 391 343 316 178 174457 130969 141007 138824 167534 74849 152006 168076 174030 196330 100344 123374 144523 111551 65300 101250 157631 9297 68326 75295 65468 179317 35067 53465 138577 40153 131995 110691 173310 160549 91227 45587 94709 160816 2397 98708 61899 69205 36279 37453 10236 115082 8523 62748 56170 178934 111107 172377 77527 99390 29901 166163 194936 184835 191174 102001 152689 94144 163453 12413 185456 136421 174500 85558 153935 156029 184459 127108 94312 20697 182757 61241 31098 156679 53363 162965 29882 23825 34871 194463 64116 188152 164068 130634 171530 50151 100223 2389 20004 71027 12455 199997 17914 179998 142158 37353 98794 38383 199194 134286 165890 81300 30687 135831 105240 160517 19416 139082 165288 187694 47533 42395 24273 173595 188855 123417 3943 1651 163008 105705 132454 88558 67994 28945 61122 58176 180526 140865 27105 108965 97209 18916 197436 37198 167708 110406 127239
200
29529 70059 50373 8106 55005 62339 49408 85692 14668 45548 39179 36091 55233 131043 94221 15162 102885 116603 92416 160284 27436 85196 73283 67507 3060 7260 5220 840 5700 6460 5120 8880 1520 4720 4060 3740 63954 151734 109098 17556 119130 135014 107008 185592 31768 98648 84854 78166 53397 126687 91089 14658 99465 112727 89344 154956 26524 82364 70847 65263 18360 43560 31320 5040 34200 38760 30720 53280 9120 28320 24360 22440 34272 81312 58464 9408 63840 72352 57344 99456 17024 52864 45472 41888 765 1815 1305 210 1425 1615 1280 2220 380 1180 1015 935 67014 158994 114318 18396 124830 141474 112128 194472 33288 103368 88914 81906 48807 115797 83259 13398 90915 103037 81664 141636 24244 75284 64757 59653 60741 144111 103617 16674 113145 128231 101632 176268 30172 93692 80591 74239 29835 70785 50895 8190 55575 62985 49920 86580 14820 46020 39585 36465 193 361 20 418 349 120 224 5 438 319 397 195 153 363 261 42 285 323 256 444 76 236 203 187 169310 154806 31367 127006 5194 183015 15688 85398 70831 75112 40215 4136 128963 195757 28078 71026 125922 86753 199897 179320 156844 182812 189382 199688 133705 195250 27241 98297 31147 42850 28832 67560
3
65537 65537 131073
200
0 0 0 0 0 0 0 0 0 0 0 0 0 0 0 0 0 0 0 0 0 0 0 0 0 0 0 0 0 0 0 0 0 0 0 0 0 0 0 0 0 0 0 0 0 0 0 0 0 0 0 0 0 0 0 0 0 0 0 0 0 0 0 0 0 0 0 0 0 0 0 0 0 0 0 0 0 0 0 0 0 0 0 0 0 0 0 0 0 0 0 0 0 0 0 0 0 0 0 0 1353 106627 199623 25396 75261 39609 81173 23887 46372 176790 134366 133773 94905 145439 97198 127062 84745 178949 58264 33607 131772 141362 34665 178107 19928 69428 109372 142376 161473 42008 152907 163125 105181 142478 49126 8488 169668 20883 80315 167261 12384 76132 8533 197622 103158 190270 42763 178696 126427 18886 127023 108762 49900 55516 146742 108280 141976 48904 16792 94225 86999 159029 53384 159491 34023 185746 40479 31863 119709 105024 99877 42372 73725 2633 10663 84032 79163 142303 83242 176854 193503 120251 166291 61303 168736 9031 60753 148308 174330 97370 165559 178186 71438 94146 164802 89615 23976 164019 160366 60700
200
82455 37605 14835 124545 142830 109365 134550 66930 78315 66930 59511 27141 10707 89889 103086 78933 97110 48306 56523 48306 28919 13189 5203 43681 50094 38357 47190 23474 27467 23474 85562 39022 15394 129238 148212 113486 139620 69452 81266 69452 0 0 0 0 0 0 0 0 0 0 24378 11118 4386 36822 42228 32334 39780 19788 23154 19788 57360 26160 10320 86640 99360 76080 93600 46560 54480 46560 5258 2398 946 7942 9108 6974 8580 4268 4994 4268 16252 7412 2924 24548 28152 21556 26520 13192 15436 13192 68354 31174 12298 103246 118404 90662 111540 55484 64922 55484 345 249 121 358 0 102 240 22 68 286 239 109 43 361 414 317 390 194 227 194 173720 172152 16383 131664 62507 103621 194535 39894 87592 155857 157175 91108 87600 118633 67804 195519 35355 80083 151874 150056 147984 51257 115305 61691 79968 71033 7089 166385 185039 186878 22071 49593 44761 89011 144745 185423 157361 151338 194074 68501 14252 194602 42119 123660 126595 51873 189622 144603 153165 130329 123906 16420 105334 48098 72355 16109 140232 162484 115147 16683 137708 86886 172442 183290 21730 177121 109174 102260 19047 86555 178779 182260 119465 99952 48212 132521 75962 198698 3015 133987
200
1 1 1 1 1 1 1 1 1 1 1 1 1 1 1 1 1 1 1 1 1 1 1 1 1 1 1 1 1 1 1 1 1 1 1 1 1 1 1 1 1 1 1 1 1 1 1 1 1 1 1 1 1 1 1 1 1 1 1 1 1 1 1 1 1 1 1 1 1 1 1 1 1 1 1 1 1 1 1 1 1 1 1 1 1 1 1 1 1 1 1 1 1 1 1 1 1 1 1 1 1 1 1 1 1 1 1 1 1 1 1 1 1 1 1 1 1 1 1 1 1 1 1 1 1 1 1 1 1 1 1 1 1 1 1 1 1 1 1 1 1 1 1 1 1 1 1 1 1 1 1 1 1 1 1 1 1 1 1 1 1 1 1 1 1 1 1 1 1 1 1 1 1 1 1 1 1 1 1 1 1 1 1 1 1 1 1 1 1 1 1 1 1 1 1 1 1 1 1 1
200
0 0 0 0 0 0 0 0 0 0 0 0 0 0 0 0 0 0 0 0 0 0 0 0 0 0 0 0 0 0 0 0 0 0 0 0 0 0 0 0 0 0 0 0 0 0 0 0 0 0 0 0 0 0 0 0 0 0 0 0 0 0 0 0 0 0 0 0 0 0 0 0 0 0 0 0 0 0 0 0 0 0 0 0 0 0 0 0 0 0 0 0 0 0 0 0 0 0 0 0 41623 35283 64388 180610 39840 86104 38923 137493 61917 86843 65709 185737 24924 161470 110959 152808 164481 26179 25363 124447 144140 149732 74675 53071 68642 62730 92559 153158 160931 107734 7549 14844 7572 151376 107263 158160 29708 198230 101733 154430 33357 98640 93609 159088 9772 132311 106623 9357 92373 183156 49702 126370 83661 125649 53759 159686 49080 183368 96591 155918 101546 174706 93191 27477 6121 143020 196529 8825 23266 46471 9443 84618 191100 127582 126907 124640 197947 174054 141208 132103 97762 6623 56772 149725 185482 151878 145585 92807 6731 174877 65803 15436 51528 29668 144135 59342 10911 140031 35109 186168
200
4780 4100 7260 3220 40 7080 6960 1080 5940 5380 5080 2740 36806 31570 55902 24794 308 54516 53592 8316 45738 41426 39116 21098 73134 62730 111078 49266 612 108324 106488 16524 90882 82314 77724 41922 13623 11685 20691 9177 114 20178 19836 3078 16929 15333 14478 7809 90103 77285 136851 60697 754 133458 131196 20358 111969 101413 95758 51649 239 205 363 161 2 354 348 54 297 269 254 137 65725 56375 99825 44275 550 97350 95700 14850 81675 73975 69850 37675 25812 22140 39204 17388 216 38232 37584 5832 32076 29052 27432 14796 13384 11480 20328 9016 112 19824 19488 3024 16632 15064 14224 7672 103965 89175 157905 70035 870 153990 151380 23490 129195 117015 110490 59595 36806 31570 55902 24794 308 54516 53592 8316 45738 41426 39116 21098 84606 72570 128502 56994 708 125316 123192 19116 105138 95226 89916 48498 20 154 306 57 377 1 275 108 56 435 154 354 239 205 363 161 2 354 348 54 297 269 254 137 70820 199283 152420 198051 160189 42140 50137 76700 73614 69482 38246 30484 147471 135795 2344 102722 162079 79347 149875 118495 112968 193784 192190 61048 28841 170711 27220 62117 83758 145807 65577 55423
200
147339 57426 7238 60567 137984 117153 84451 83936 143290 24205 80791 113556 138545 167809 44657 166002 105641 52141 24515 92059 177543 184072 174932 194839 132694 195269 165158 173942 86633 96362 194883 177928 18638 114449 135735 114925 45153 157366 78431 139755 88611 38775 187797 12390 106284 77298 179514 116046 56292 80659 75663 189821 139843 44911 17428 123128 12038 58752 24516 6112 60462 153549 157964 51071 136649 102429 98872 44247 98645 69301 118106 53137 140157 179812 151609 155473 152144 121468 87309 177085 196947 137432 55324 158828 36324 79368 85907 184589 52759 185962 58200 63195 194926 168876 180978 97989 116205 129124 105599 182615 116171 43161 170243 17829 122026 14858 88545 194224 7234 18314 29948 121356 109083 34886 152367 178270 68256 47869 52810 175642 180675 54250 137798 93187 160379 165579 60663 132552 61512 72658 190136 5909 10377 11050 9092 87701 33759 188307 181928 111329 100167 4678 180462 134610 4656 133567 110183 27754 69828 14927 1078 134975 29242 141558 79760 6144 17553 70857 79518 126429 195798 123375 187882 44336 137195 39724 119394 119528 176677 14294 188662 9741 101004 88444 183038 137036 199020 135076 67849 186965 134537 84412 122782 185447 56408 116958 164244 178250 124395 4522 100584 129769 125083 136125 145364 172886 183017 76658 198883 40214
200
186861 19110 87046 65129 186551 8124 176184 146039 46453 179275 157583 4729 179472 3871 14273 133735 50242 38061 192703 8982 11307 65821 120801 167722 151219 30202 140060 68569 18748 160109 10454 100832 186651 22957 102363 36463 9553 128781 148940 114578 35347 128956 119935 152078 161776 105207 108207 104591 19025 133200 169555 91119 91525 35606 70034 28189 76857 172933 130760 190652 8070 69352 35070 166410 177343 148611 115902 126444 106535 84200 165149 162217 62860 18716 45835 93398 89723 18610 154653 9980 176944 186832 191277 90675 195183 65516 18913 166769 87471 174027 41712 79828 190616 196934 62811 27084 131353 197949 5458 26161 13964 3177 105131 45027 62619 160564 29865 169675 86845 31787 2124 90883 66339 101826 132544 70591 196819 108010 22178 122175 28447 38607 97288 150953 198496 164021 160180 66221 164446 4644 109015 6087 195611 81647 148067 54011 175537 180161 119399 66953 70559 132976 191096 75483 65143 127168 38135 106226 13014 158889 86448 101971 174128 185269 115981 34952 5595 8283 178252 36423 152316 37821 52929 97248 89405 165545 56344 124295 48683 28293 24545 76714 89194 34703 91895 96341 142812 105760 99074 71433 39658 147106 30693 79519 118373 150288 31666 194665 98497 177142 84832 102000 73289 74936 40811 126990 67898 177025 95218 71295
200
164593 74493 168480 63383 60966 135601 43800 139834 107402 90987 18444 57071 92217 16749 153451 24750 64672 181257 52813 103703 78961 118501 90795 131036 137833 62689 172542 93752 155222 199008 103794 194631 57026 57907 59977 44218 111287 197816 13792 141269 29243 59102 22283 93014 172557 125056 87083 137211 121211 121158 17977 162102 54973 162935 60908 107308 165188 46824 20224 140066 20958 146817 80602 30952 31240 100527 48478 176747 186354 150027 57171 86455 8954 185902 191493 85160 133545 18902 61748 199455 14136 83412 143065 114560 173668 191567 35837 160071 91913 60093 199686 113129 161374 121686 193054 143884 157210 44593 67086 42556 5234 155678 54388 109605 34040 17738 181385 176095 63286 63472 145159 198405 69433 35296 159239 38330 61391 153035 182083 186021 165981 49947 40927 34004 46085 34323 73999 100008 5114 156714 58896 36635 128801 76894 26478 145725 35989 41059 172658 140263 198197 86530 143735 5277 181646 131475 128231 190653 71623 92462 13436 12806 19412 152737 78702 116460 59605 23241 15046 134300 54450 196813 124728 22248 52077 185227 37073 46757 23574 33083 185610 36578 197850 21667 109866 119981 135839 190632 113216 114662 180621 26484 10580 72310 62274 110343 173887 198515 144422 20442 177735 136309 103619 167953 16672 98655 90772 19433 1126 127911
200
88983 106388 187188 64712 39699 8951 134228 188096 64663 153336 126634 131558 121818 188595 125845 156405 49783 132540 134698 197752 35730 146118 190687 29999 93489 56720 169999 143950 76585 42947 169336 127872 98003 149400 55296 182421 56993 6802 110515 101190 130017 163682 63455 198617 97545 53311 60577 40581 99414 108343 80762 156099 135813 126083 7832 150300 53404 183662 178289 80594 178932 98564 51949 134357 142229 184887 11252 1662 181550 142932 178349 181196 152707 51169 28805 56126 26135 39936 112883 188373 93592 29173 196834 87763 20568 124795 46298 23279 115450 164339 149113 105580 145034 157765 39681 4271 109646 169403 141701 121375 154841 44918 89160 3652 37577 51614 28195 34236 63216 158999 13834 126670 96942 70280 140907 49875 109894 131580 14131 51702 63394 67042 37564 148676 76860 46182 143185 190906 94131 140554 166146 28784 179031 37650 186279 123573 6434 44449 104927 34385 130057 14111 41265 165531 131916 145353 165492 55164 152642 30088 25960 157008 199582 58873 160411 184380 114446 137516 79269 143371 12720 61070 67136 179144 77578 91106 110354 26030 109300 35098 53800 47739 108433 132841 158221 164558 69464 141776 188695 193483 63778 146743 156380 192792 26929 147959 9398 70656 75993 22680 19056 147045 132278 31613 154819 42049 156624 172503 136664 71735
200
131073 131073 65537 65537 131073 65537 131073 65537 131073 65537 131073 65537 65537 131073 131073 131073 65537 65537 65537 131073 131073 131073 65537 65537 131073 131073 131073 131073 131073 131073 65537 65537 131073 131073 131073 65537 131073 131073 65537 131073 131073 131073 65537 65537 65537 65537 131073 131073 131073 65537 65537 65537 131073 65537 65537 65537 65537 131073 65537 65537 131073 131073 65537 65537 65537 65537 65537 65537 65537 131073 65537 131073 131073 65537 65537 65537 65537 131073 65537 65537 65537 65537 65537 65537 65537 65537 65537 65537 65537 65537 65537 65537 65537 131073 65537 65537 65537 65537 65537 65537 131073 131073 131073 131073 65537 65537 131073 131073 131073 65537 65537 131073 131073 131073 65537 131073 65537 131073 131073 131073 131073 131073 65537 131073 65537 65537 65537 131073 131073 65537 65537 131073 131073 131073 131073 131073 65537 65537 65537 131073 65537 65537 131073 131073 65537 131073 131073 131073 131073 131073 65537 65537 65537 65537 65537 65537 131073 131073 131073 65537 65537 131073 131073 131073 131073 65537 65537 65537 131073 65537 131073 65537 65537 65537 65537 131073 131073 65537 131073 65537 65537 131073 65537 131073 131073 131073 131073 131073 131073 131073 65537 65537 131073 131073 131073 131073 65537 131073 65537 65537
200
0 0 1 1 0 0 0 0 0 1 0 1 0 0 0 1 1 1 1 0 0 0 0 0 1 1 0 0 0 1 1 0 1 0 0 1 1 1 1 1 0 0 0 0 0 1 0 1 1 0 1 0 0 0 1 1 0 1 0 1 1 0 1 0 1 1 1 1 1 1 1 1 0 1 1 0 0 0 1 1 0 1 0 0 0 1 0 1 0 1 0 1 0 1 1 0 0 0 0 1 1 1 0 1 1 0 1 0 1 0 0 1 0 0 0 0 1 0 1 0 1 1 1 1 0 0 0 0 1 0 1 1 0 1 0 1 1 1 1 1 1 1 0 1 0 0 0 0 1 0 1 0 0 1 0 0 1 0 1 1 0 1 1 1 1 0 0 1 0 1 0 1 0 1 1 1 1 0 1 0 1 0 0 0 1 0 0 0 0 1 0 1 0 1 0 1 0 0 0 0
200
200000 200000 200000 200000 200000 200000 200000 200000 200000 200000 200000 200000 200000 200000 200000 200000 200000 200000 200000 200000 200000 200000 200000 200000 200000 200000 200000 200000 200000 200000 200000 200000 200000 200000 200000 200000 200000 200000 200000 200000 200000 200000 200000 200000 200000 200000 200000 200000 200000 200000 200000 200000 200000 200000 200000 200000 200000 200000 200000 200000 200000 200000 200000 200000 200000 200000 200000 200000 200000 200000 200000 200000 200000 200000 200000 200000 200000 200000 200000 200000 200000 200000 200000 200000 200000 200000 200000 200000 200000 200000 200000 200000 200000 200000 200000 200000 200000 200000 200000 200000 200000 200000 200000 200000 200000 200000 200000 200000 200000 200000 200000 200000 200000 200000 200000 200000 200000 200000 200000 200000 200000 200000 200000 200000 200000 200000 200000 200000 200000 200000 200000 200000 200000 200000 200000 200000 200000 200000 200000 200000 200000 200000 200000 200000 200000 200000 200000 200000 200000 200000 200000 200000 200000 200000 200000 200000 200000 200000 200000 200000 200000 200000 200000 200000 200000 200000 200000 200000 200000 200000 200000 200000 200000 200000 200000 200000 200000 200000 200000 200000 200000 200000 200000 200000 200000 200000 200000 200000 200000 200000 200000 200000 200000 200000 200000 200000 200000 200000 200000 200000
200
37324 58308 45408 31820 13072 25112 44032 40764 60544 54868 516 65876 1736 2712 2112 1480 608 1168 2048 1896 2816 2552 24 3064 16058 25086 19536 13690 5624 10804 18944 17538 26048 23606 222 28342 22785 35595 27720 19425 7980 15330 26880 24885 36960 33495 315 40215 73346 114582 89232 62530 25688 49348 86528 80106 118976 107822 1014 129454 96782 151194 117744 82510 33896 65116 114176 105702 156992 142274 1338 170818 85064 132888 103488 72520 29792 57232 100352 92904 137984 125048 1176 150136 90272 141024 109824 76960 31616 60736 106496 98592 146432 132704 1248 159328 6293 9831 7656 5365 2204 4234 7424 6873 10208 9251 87 11107 46438 72546 56496 39590 16264 31244 54784 50718 75328 68266 642 81962 59024 92208 71808 50320 20672 39712 69632 64464 95744 86768 816 104176 59892 93564 72864 51060 20976 40296 70656 65412 97152 88044 828 105708 172 8 74 105 338 446 392 416 29 214 272 276 217 339 264 185 76 146 256 237 352 319 3 383 2010 93168 195162 172318 181430 196053 122004 58094 73081 102188 3482 119000 140774 143523 112717 48775 144312 89224 55533 146095 136454 12465 618 191715 171530 180122 167328 64570 101597 18270 24831 107710
200
1 1 1 1 1 1 1 1 0 0 0 1 0 0 0 0 0 1 1 0 1 0 1 0 1 0 1 1 0 1 1 1 1 0 1 1 0 1 1 0 1 1 0 1 0 0 0 0 0 0 0 0 1 1 1 1 1 0 1 0 1 0 0 0 0 1 1 0 0 1 1 1 0 1 1 0 0 0 1 0 0 1 0 0 1 1 0 1 1 0 0 1 1 0 0 0 1 1 1 0 0 1 1 1 0 0 0 1 0 1 1 1 0 0 1 1 1 0 1 1 0 0 1 0 1 0 1 1 1 1 1 0 0 0 1 1 0 1 1 1 1 1 0 1 1 0 0 0 1 1 1 0 0 0 1 0 1 0 0 1 0 0 1 0 0 0 0 0 0 0 0 1 1 0 0 1 1 0 1 1 0 1 0 0 0 0 0 0 0 1 0 0 0 1 1 1 0 1 1 0
200
172808 104553 114796 128563 48875 34781 178550 137326 78973 78032 194231 134757 124196 85598 73561 46804 180184 144484 30869 4213 169611 182327 14871 137510 188914 68366 52978 22586 75304 116062 46394 11047 92767 51573 80178 132920 15191 47565 130369 92473 85144 12360 25111 131705 4192 142418 18687 173958 139420 167655 185149 121866 53886 183247 118985 1179 12802 52996 34025 1088 7033 167217 197864 30106 185652 31133 40978 33617 132725 78459 99808 184381 196302 97197 40736 93446 51136 49441 153349 50327 151075 100325 142496 66852 121479 142547 34093 7687 37839 24655 96288 46813 151695 103679 44743 155067 171909 60331 17142 12520 178325 60384 106363 115209 189867 158269 26386 33406 112312 154959 165108 163424 14801 73803 128744 134210 45785 151146 162009 190703 175968 75282 24271 161956 75195 96876 58007 145985 11695 182432 146537 113706 194246 28991 3670 63729 141587 126415 40504 1223 68961 123460 44306 76883 73022 126938 49099 148035 64473 160492 108663 129655 5787 105456 131549 96143 125599 7850 7375 30363 114466 156783 121000 172548 181583 86691 194446 77861 166012 111930 55127 170175 59104 66296 175191 185024 131108 38420 30387 29826 76641 85235 125377 43086 72718 143054 148406 190757 144934 28160 98862 8621 95652 1623 61154 183115 72961 110802 116433 82564
200
165940 197964 130877 61454 20994 52580 21067 186807 133855 41005 126818 174707 86031 169342 189216 178788 2805 75747 170686 172552 118836 115834 102916 80759 80134 194779 6185 192693 99642 124535 29583 129497 5403 108283 178490 194913 2660 13743 52190 194840 45952 93036 97362 121004 2421 168590 139966 77260 11782 11339 109918 58371 99632 195711 125046 122546 127726 115344 78912 2010 48612 51159 60880 124089 6861 23061 185536 53616 69227 194859 186047 3758 108377 12613 7178 174423 181322 83778 28219 100551 3248 55376 155365 40811 153645 49204 120389 179550 70419 160916 123303 166505 110373 101682 37769 181627 141073 208 17661 7262 113340 3774 152034 43358 60451 33929 164649 99126 57069 109817 2681 130315 12535 183230 564 164779 140058 52206 177997 4774 96615 807 34941 172470 74504 48475 84214 112833 131037 154549 24127 126964 172234 135272 121916 192939 17440 194822 28801 37051 106219 8868 195921 140494 156024 4545 35047 94907 33180 156715 145455 83458 67303 143352 5765 55118 50277 48112 151186 159978 141944 141744 65500 5544 30888 23993 19741 89573 142691 45236 90108 11036 36489 106934 124252 28632 162451 104136 168697 116644 36415 60015 181972 149793 110939 151261 173473 38599 150538 170048 8448 15484 40288 121635 139293 147908 45265 168717 104664 2843
200
3378 194822 97093 185206 153178 102623 4026 167556 118980 152778 141619 150279 185586 164642 85444 110028 66541 40701 110043 100042 133949 14400 19044 187793 71605 87130 110200 25204 31365 161041 43773 165757 30982 34783 25254 45307 186273 102324 78582 52411 134965 109802 34097 45715 162938 69388 184515 179946 163581 153314 117401 161481 73044 5043 155321 186952 68072 196984 79685 43200 8250 81368 160357 167991 100283 7742 100842 75383 64858 64395 56139 84129 141626 35349 187729 135783 34496 7504 31424 114516 10761 152429 146747 86772 159548 45581 74378 40322 82012 53465 97260 11527 87156 198097 46226 19016 24132 97651 45152 100834 91201 125756 38094 128063 167588 94975 192327 75395 38831 83408 11086 3113 90948 131200 64903 73833 176035 15333 140393 12403 4448 101066 96630 176069 173158 107785 163907 35189 156481 166264 173504 149650 101837 57024 199846 80366 103660 197525 96066 103447 168415 22651 34592 50785 22333 117031 91447 105884 129611 111857 67937 118145 83218 157265 61811 138195 57648 185884 162224 130162 124556 11319 127968 112333 99746 90787 182358 150768 132603 192579 52065 11584 124904 102038 11429 6587 167544 123270 117990 64347 83127 155883 77518 102837 129250 102782 27556 54591 36081 125733 44045 35787 113796 68310 55396 14347 121672 174569 106042 37915
200
0 0 0 0 0 0 0 0 0 0 0 0 0 0 0 0 0 0 0 0 0 0 0 0 0 0 0 0 0 0 0 0 0 0 0 0 0 0 0 0 0 0 0 0 0 0 0 0 0 0 0 0 0 0 0 0 0 0 0 0 0 0 0 0 0 0 0 0 0 0 0 0 0 0 0 0 0 0 0 0 0 0 0 0 0 0 0 0 0 0 0 0 0 0 0 0 0 0 0 0 0 0 0 0 0 0 0 0 0 0 0 0 0 0 0 0 0 0 0 0 0 0 0 0 0 0 0 0 0 0 0 0 0 0 0 0 0 0 0 0 0 0 0 0 0 0 0 0 0 0 0 0 0 0 0 0 0 0 0 0 0 0 0 0 0 0 0 0 0 0 0 0 0 0 0 0 0 0 0 0 0 0 0 0 0 0 0 0 0 0 0 0 0 0 0 0 0 0 0 0
200
63407 73132 43957 77022 160268 31898 89081 91804 36955 42012 10114 13203 15228 9153 16038 33372 6642 18549 19116 7695 8748 2106 8965 10340 6215 10890 22660 4510 12595 12980 5225 5940 1430 25265 29140 17515 30690 63860 12710 35495 36580 14725 16740 4030 70579 81404 48929 85734 178396 35506 99157 102188 41135 46764 11258 21353 24628 14803 25938 53972 10742 29999 30916 12445 14148 3406 3586 4136 2486 4356 9064 1804 5038 5192 2090 2376 572 47922 55272 33222 58212 121128 24108 67326 69384 27930 31752 7644 31133 35908 21583 37818 78692 15662 43739 45076 18145 20628 4966 4401 5076 3051 5346 11124 2214 6183 6372 2565 2916 702 61288 70688 42488 74448 154912 30832 86104 88736 35720 40608 9776 389 81 55 155 433 131 22 294 191 27 376 163 188 113 198 412 82 229 236 95 108 26 177848 143203 163212 175011 106955 14837 171180 135887 152811 171742 112562 101464 143060 54561 116286 120801 190677 157331 34383 17400 145897 76172 131175 173521 118207 37471 23050 177613 116052 1149 107450 154299 29808 50903 129203 180319 74772 152003 141656 18376 3855 85062 152158 184874 173674 181646 71237 131960 6813 131307 30260 92119 94109 8614 142388 192358 56500
200
29202 35898 6045 35247 24645 10602 33201 23901 21204 1581 24087 13485 41013 61230 75270 12675 73905 51675 22230 69615 50115 44460 3315 50505 28275 85995 70964 87236 14690 85654 59890 25764 80682 58082 51528 3842 58534 32770 99666 61858 76042 12805 74663 52205 22458 70329 50629 44916 3349 51023 28565 86877 63742 78358 13195 76937 53795 23142 72471 52171 46284 3451 52577 29435 89523 90746 111554 18785 109531 76585 32946 103173 74273 65892 4913 74851 41905 127449 40506 49794 8385 48891 34185 14706 46053 33153 29412 2193 33411 18705 56889 59974 73726 12415 72389 50615 21774 68187 49087 43548 3247 49469 27695 84231 18526 22774 3835 22361 15635 6726 21063 15163 13452 1003 15281 8555 26019 30458 37442 6305 36763 25705 11058 34629 24929 22116 1649 25123 14065 42777 76930 94570 15925 92855 64925 27930 87465 62965 55860 4165 63455 35525 108045 99852 122748 20670 120522 84270 36252 113526 81726 72504 5406 82362 46110 140238 69708 85692 14430 84138 58830 25308 79254 57054 50616 3774 57498 32190 97902 93 195 226 197 203 289 129 191 59 97 245 318 222 314 386 65 379 265 114 357 257 228 17 259 145 441 82835 124748 119463 50874 167942
200
180085 183261 66240 62077 183753 195278 97511 164555 67770 22573 160401 166585 84908 64876 94319 186959 63854 22853 143582 97981 108793 51686 63319 769 3871 141188 56490 135556 81909 123795 140257 166352 64286 94542 7208 103505 157384 40953 112808 196669 107380 174964 143483 98159 91063 178289 60510 166406 181564 155010 88311 191553 137262 32632 176411 181552 23339 108167 189606 157114 36710 44889 63682 19723 85383 21382 30145 124033 75316 132560 81917 165407 32953 36599 9055 21759 29120 102798 64040 171304 196478 391 81820 12413 14822 132755 94700 5415 180014 98755 45256 134595 63191 165434 132867 189462 26033 34737 148113 158152 115802 107285 9932 32255 124564 140959 116844 148305 60299 101297 27178 14117 147022 150296 52728 137267 128474 27175 168247 28612 121219 86936 26691 140799 88114 104712 38867 100470 30201 146328 1379 25259 70968 29957 61268 49402 71032 70751 91082 166498 135538 60361 187188 117188 93694 30121 124424 10460 135226 124412 93095 175660 167720 26611 185495 55293 55118 143741 172688 25291 105686 187855 177924 155612 42369 130890 45122 58195 146926 42927 170536 69647 177377 111044 87390 146940 78301 114712 98600 16756 79376 185874 15567 34594 110447 10377 58606 196137 134665 106592 86979 190102 122761 112807 20178 183687 126553 174164 189030 115251
200
79474 178254 45539 21588 157562 54033 76915 75142 161340 108372 12118 140611 138198 32506 148456 56166 174780 141777 176987 179170 92041 26708 168988 12848 66976 194084 98400 10692 29565 94105 39392 65617 95897 61555 44279 27699 137846 149525 88860 126397 58500 171842 107201 123431 65429 197469 118618 75687 64014 86202 166801 102481 64522 137700 118499 12365 27542 26085 197957 164026 136041 67155 161447 2086 94003 30156 60760 103517 93693 197564 100216 130519 173639 111938 62774 142494 65811 100971 141477 175858 45091 153198 49097 95694 189549 112936 90076 14463 73586 184930 16458 40912 27966 186756 64998 101716 128262 85938 65334 9777 6150 85875 178572 176783 8147 120654 143717 162245 44281 191498 35323 97805 76133 4838 166252 19672 30964 136387 68799 187967 126739 16925 41024 173045 60811 134076 58799 121767 189157 98664 149384 23511 135190 22080 104501 35021 185033 65414 179534 121274 112325 65813 95438 85741 12219 143029 54185 20734 69058 184636 41213 133191 87135 161343 32721 177477 138024 119802 190293 72175 80305 6239 139152 71794 144104 3791 24536 184076 111595 8040 104689 88481 151425 71656 120713 161093 153288 24703 146402 197136 148651 90498 85133 136175 119579 73785 100106 19855 98524 129047 196777 89853 79183 129256 165232 188654 44030 36983 35380 92548
